Names
A0 A1 B0 B1 B2 A0B0 A0B1 A0B2 A1B0 A1B1 A1B2 B0B1 B1B2 B2B0 A0B0B1 A0B1B2 A0B2B0 A1B0B1 A1B1B2 A1B2B0

Maps
-A0 A1 B0 B1 B2 -A0B0 -A0B1 -A0B2 A1B0 A1B1 A1B2 B0B1 B1B2 B2B0 -A0B0B1 -A0B1B2 -A0B2B0 A1B0B1 A1B1B2 A1B2B0
A0 -A1 B0 B1 B2 A0B0 A0B1 A0B2 -A1B0 -A1B1 -A1B2 B0B1 B1B2 B2B0 A0B0B1 A0B1B2 A0B2B0 -A1B0B1 -A1B1B2 -A1B2B0
A0 A1 -B0 B1 B2 -A0B0 A0B1 A0B2 -A1B0 A1B1 A1B2 -B0B1 B1B2 -B2B0 -A0B0B1 A0B1B2 A0B2B0 -A1B0B1 A1B1B2 -A1B2B0
A0 A1 B0 -B1 B2 A0B0 -A0B1 A0B2 A1B0 -A1B1 A1B2 -B0B1 -B1B2 B2B0 -A0B0B1 -A0B1B2 A0B2B0 -A1B0B1 -A1B1B2 A1B2B0
A0 A1 B0 B1 -B2 A0B0 A0B1 -A0B2 A1B0 A1B1 -A1B2 B0B1 -B1B2 -B2B0 A0B0B1 -A0B1B2 -A0B2B0 A1B0B1 -A1B1B2 -A1B2B0

A1 A0 B0 B1 B2 A1B0 A1B1 A1B2 A0B0 A0B1 A0B2 B0B1 B1B2 B2B0 A1B0B1 A1B1B2 A1B2B0 A0B0B1 A0B1B2 A0B2B0
A0 A1 B1 B2 B0 A0B1 A0B2 A0B0 A1B1 A1B2 A1B0 B1B2 B2B0 B0B1 A0B1B2 A0B2B0 A0B0B1 A1B1B2 A1B2B0 A1B0B1
A0 A1 B2 B0 B1 A0B2 A0B0 A0B1 A1B2 A1B0 A1B1 B2B0 B0B1 B1B2 A0B2B0 A0B0B1 A0B1B2 A1B2B0 A1B0B1 A1B1B2

Vertices
-1 -1 -1 -1 -1 1 1 1 1 1 1 1 1 1 -1 -1 -1 -1 -1 -1
-1 -1 -1 -1 1 1 1 -1 1 1 -1 1 -1 -1 -1 1 1 -1 1 1    
-1 -1 -1 1 -1 1 -1 1 1 -1 1 -1 -1 1 1 1 -1 1 1 -1    
-1 -1 -1 1 1 1 -1 -1 1 -1 -1 -1 1 -1 1 -1 1 1 -1 1   
-1 -1 1 -1 -1 -1 1 1 -1 1 1 -1 1 -1 1 -1 1 1 -1 1    
-1 -1 1 -1 1 -1 1 -1 -1 1 -1 -1 -1 1 1 1 -1 1 1 -1   
-1 -1 1 1 -1 -1 -1 1 -1 -1 1 1 -1 -1 -1 1 1 -1 1 1   
-1 -1 1 1 1 -1 -1 -1 -1 -1 -1 1 1 1 -1 -1 -1 -1 -1 -1
-1 1 -1 -1 -1 1 1 1 -1 -1 -1 1 1 1 -1 -1 -1 1 1 1    
-1 1 -1 -1 1 1 1 -1 -1 -1 1 1 -1 -1 -1 1 1 1 -1 -1   
-1 1 -1 1 -1 1 -1 1 -1 1 -1 -1 -1 1 1 1 -1 -1 -1 1   
-1 1 -1 1 1 1 -1 -1 -1 1 1 -1 1 -1 1 -1 1 -1 1 -1    
-1 1 1 -1 -1 -1 1 1 1 -1 -1 -1 1 -1 1 -1 1 -1 1 -1   
-1 1 1 -1 1 -1 1 -1 1 -1 1 -1 -1 1 1 1 -1 -1 -1 1
-1 1 1 1 -1 -1 -1 1 1 1 -1 1 -1 -1 -1 1 1 1 -1 -1
-1 1 1 1 1 -1 -1 -1 1 1 1 1 1 1 -1 -1 -1 1 1 1
1 -1 -1 -1 -1 -1 -1 -1 1 1 1 1 1 1 1 1 1 -1 -1 -1
1 -1 -1 -1 1 -1 -1 1 1 1 -1 1 -1 -1 1 -1 -1 -1 1 1
1 -1 -1 1 -1 -1 1 -1 1 -1 1 -1 -1 1 -1 -1 1 1 1 -1
1 -1 -1 1 1 -1 1 1 1 -1 -1 -1 1 -1 -1 1 -1 1 -1 1
1 -1 1 -1 -1 1 -1 -1 -1 1 1 -1 1 -1 -1 1 -1 1 -1 1
1 -1 1 -1 1 1 -1 1 -1 1 -1 -1 -1 1 -1 -1 1 1 1 -1
1 -1 1 1 -1 1 1 -1 -1 -1 1 1 -1 -1 1 -1 -1 -1 1 1
1 -1 1 1 1 1 1 1 -1 -1 -1 1 1 1 1 1 1 -1 -1 -1
1 1 -1 -1 -1 -1 -1 -1 -1 -1 -1 1 1 1 1 1 1 1 1 1
1 1 -1 -1 1 -1 -1 1 -1 -1 1 1 -1 -1 1 -1 -1 1 -1 -1
1 1 -1 1 -1 -1 1 -1 -1 1 -1 -1 -1 1 -1 -1 1 -1 -1 1
1 1 -1 1 1 -1 1 1 -1 1 1 -1 1 -1 -1 1 -1 -1 1 -1
1 1 1 -1 -1 1 -1 -1 1 -1 -1 -1 1 -1 -1 1 -1 -1 1 -1
1 1 1 -1 1 1 -1 1 1 -1 1 -1 -1 1 -1 -1 1 -1 -1 1
1 1 1 1 -1 1 1 -1 1 1 -1 1 -1 -1 1 -1 -1 1 -1 -1
1 1 1 1 1 1 1 1 1 1 1 1 1 1 1 1 1 1 1 1
